id solution fitness
0 0000000000 88
1 1000000000 68
2 0100000000 74
3 1100000000 54
4 0010000000 68
5 1010000000 48
6 0110000000 54
7 1110000000 34
8 0001000000 80
9 1001000000 60
10 0101000000 66
11 1101000000 46
12 0011000000 60
13 1011000000 40
14 0111000000 46
15 1111000000 26
16 0000100000 60
17 1000100000 40
18 0100100000 46
19 1100100000 26
20 0010100000 40
21 1010100000 20
22 0110100000 26
23 1110100000 6
24 0001100000 52
25 1001100000 32
26 0101100000 38
27 1101100000 18
28 0011100000 32
29 1011100000 12
30 0111100000 18
31 1111100000 2
32 0000010000 60
33 1000010000 40
34 0100010000 46
35 1100010000 26
36 0010010000 40
37 1010010000 20
38 0110010000 26
39 1110010000 6
40 0001010000 52
41 1001010000 32
42 0101010000 38
43 1101010000 18
44 0011010000 32
45 1011010000 12
46 0111010000 18
47 1111010000 2
48 0000110000 32
49 1000110000 12
50 0100110000 18
51 1100110000 2
52 0010110000 12
53 1010110000 8
54 0110110000 2
55 1110110000 22
56 0001110000 24
57 1001110000 4
58 0101110000 10
59 1101110000 10
60 0011110000 4
61 1011110000 16
62 0111110000 10
63 1111110000 30
64 0000001000 66
65 1000001000 46
66 0100001000 52
67 1100001000 32
68 0010001000 46
69 1010001000 26
70 0110001000 32
71 1110001000 12
72 0001001000 58
73 1001001000 38
74 0101001000 44
75 1101001000 24
76 0011001000 38
77 1011001000 18
78 0111001000 24
79 1111001000 4
80 0000101000 38
81 1000101000 18
82 0100101000 24
83 1100101000 4
84 0010101000 18
85 1010101000 2
86 0110101000 4
87 1110101000 16
88 0001101000 30
89 1001101000 10
90 0101101000 16
91 1101101000 4
92 0011101000 10
93 1011101000 10
94 0111101000 4
95 1111101000 24
96 0000011000 38
97 1000011000 18
98 0100011000 24
99 1100011000 4
100 0010011000 18
101 1010011000 2
102 0110011000 4
103 1110011000 16
104 0001011000 30
105 1001011000 10
106 0101011000 16
107 1101011000 4
108 0011011000 10
109 1011011000 10
110 0111011000 4
111 1111011000 24
112 0000111000 10
113 1000111000 10
114 0100111000 4
115 1100111000 24
116 0010111000 10
117 1010111000 30
118 0110111000 24
119 1110111000 44
120 0001111000 2
121 1001111000 18
122 0101111000 12
123 1101111000 32
124 0011111000 18
125 1011111000 38
126 0111111000 32
127 1111111000 52
128 0000000100 82
129 1000000100 62
130 0100000100 68
131 1100000100 48
132 0010000100 62
133 1010000100 42
134 0110000100 48
135 1110000100 28
136 0001000100 74
137 1001000100 54
138 0101000100 60
139 1101000100 40
140 0011000100 54
141 1011000100 34
142 0111000100 40
143 1111000100 20
144 0000100100 54
145 1000100100 34
146 0100100100 40
147 1100100100 20
148 0010100100 34
149 1010100100 14
150 0110100100 20
151 1110100100 0
152 0001100100 46
153 1001100100 26
154 0101100100 32
155 1101100100 12
156 0011100100 26
157 1011100100 6
158 0111100100 12
159 1111100100 8
160 0000010100 54
161 1000010100 34
162 0100010100 40
163 1100010100 20
164 0010010100 34
165 1010010100 14
166 0110010100 20
167 1110010100 0
168 0001010100 46
169 1001010100 26
170 0101010100 32
171 1101010100 12
172 0011010100 26
173 1011010100 6
174 0111010100 12
175 1111010100 8
176 0000110100 26
177 1000110100 6
178 0100110100 12
179 1100110100 8
180 0010110100 6
181 1010110100 14
182 0110110100 8
183 1110110100 28
184 0001110100 18
185 1001110100 2
186 0101110100 4
187 1101110100 16
188 0011110100 2
189 1011110100 22
190 0111110100 16
191 1111110100 36
192 0000001100 60
193 1000001100 40
194 0100001100 46
195 1100001100 26
196 0010001100 40
197 1010001100 20
198 0110001100 26
199 1110001100 6
200 0001001100 52
201 1001001100 32
202 0101001100 38
203 1101001100 18
204 0011001100 32
205 1011001100 12
206 0111001100 18
207 1111001100 2
208 0000101100 32
209 1000101100 12
210 0100101100 18
211 1100101100 2
212 0010101100 12
213 1010101100 8
214 0110101100 2
215 1110101100 22
216 0001101100 24
217 1001101100 4
218 0101101100 10
219 1101101100 10
220 0011101100 4
221 1011101100 16
222 0111101100 10
223 1111101100 30
224 0000011100 32
225 1000011100 12
226 0100011100 18
227 1100011100 2
228 0010011100 12
229 1010011100 8
230 0110011100 2
231 1110011100 22
232 0001011100 24
233 1001011100 4
234 0101011100 10
235 1101011100 10
236 0011011100 4
237 1011011100 16
238 0111011100 10
239 1111011100 30
240 0000111100 4
241 1000111100 16
242 0100111100 10
243 1100111100 30
244 0010111100 16
245 1010111100 36
246 0110111100 30
247 1110111100 50
248 0001111100 4
249 1001111100 24
250 0101111100 18
251 1101111100 38
252 0011111100 24
253 1011111100 44
254 0111111100 38
255 1111111100 58
256 0000000010 70
257 1000000010 50
258 0100000010 56
259 1100000010 36
260 0010000010 50
261 1010000010 30
262 0110000010 36
263 1110000010 16
264 0001000010 62
265 1001000010 42
266 0101000010 48
267 1101000010 28
268 0011000010 42
269 1011000010 22
270 0111000010 28
271 1111000010 8
272 0000100010 42
273 1000100010 22
274 0100100010 28
275 1100100010 8
276 0010100010 22
277 1010100010 2
278 0110100010 8
279 1110100010 12
280 0001100010 34
281 1001100010 14
282 0101100010 20
283 1101100010 0
284 0011100010 14
285 1011100010 6
286 0111100010 0
287 1111100010 20
288 0000010010 42
289 1000010010 22
290 0100010010 28
291 1100010010 8
292 0010010010 22
293 1010010010 2
294 0110010010 8
295 1110010010 12
296 0001010010 34
297 1001010010 14
298 0101010010 20
299 1101010010 0
300 0011010010 14
301 1011010010 6
302 0111010010 0
303 1111010010 20
304 0000110010 14
305 1000110010 6
306 0100110010 0
307 1100110010 20
308 0010110010 6
309 1010110010 26
310 0110110010 20
311 1110110010 40
312 0001110010 6
313 1001110010 14
314 0101110010 8
315 1101110010 28
316 0011110010 14
317 1011110010 34
318 0111110010 28
319 1111110010 48
320 0000001010 48
321 1000001010 28
322 0100001010 34
323 1100001010 14
324 0010001010 28
325 1010001010 8
326 0110001010 14
327 1110001010 6
328 0001001010 40
329 1001001010 20
330 0101001010 26
331 1101001010 6
332 0011001010 20
333 1011001010 0
334 0111001010 6
335 1111001010 14
336 0000101010 20
337 1000101010 0
338 0100101010 6
339 1100101010 14
340 0010101010 0
341 1010101010 20
342 0110101010 14
343 1110101010 34
344 0001101010 12
345 1001101010 8
346 0101101010 2
347 1101101010 22
348 0011101010 8
349 1011101010 28
350 0111101010 22
351 1111101010 42
352 0000011010 20
353 1000011010 0
354 0100011010 6
355 1100011010 14
356 0010011010 0
357 1010011010 20
358 0110011010 14
359 1110011010 34
360 0001011010 12
361 1001011010 8
362 0101011010 2
363 1101011010 22
364 0011011010 8
365 1011011010 28
366 0111011010 22
367 1111011010 42
368 0000111010 8
369 1000111010 28
370 0100111010 22
371 1100111010 42
372 0010111010 28
373 1010111010 48
374 0110111010 42
375 1110111010 62
376 0001111010 16
377 1001111010 36
378 0101111010 30
379 1101111010 50
380 0011111010 36
381 1011111010 56
382 0111111010 50
383 1111111010 70
384 0000000110 64
385 1000000110 44
386 0100000110 50
387 1100000110 30
388 0010000110 44
389 1010000110 24
390 0110000110 30
391 1110000110 10
392 0001000110 56
393 1001000110 36
394 0101000110 42
395 1101000110 22
396 0011000110 36
397 1011000110 16
398 0111000110 22
399 1111000110 2
400 0000100110 36
401 1000100110 16
402 0100100110 22
403 1100100110 2
404 0010100110 16
405 1010100110 4
406 0110100110 2
407 1110100110 18
408 0001100110 28
409 1001100110 8
410 0101100110 14
411 1101100110 6
412 0011100110 8
413 1011100110 12
414 0111100110 6
415 1111100110 26
416 0000010110 36
417 1000010110 16
418 0100010110 22
419 1100010110 2
420 0010010110 16
421 1010010110 4
422 0110010110 2
423 1110010110 18
424 0001010110 28
425 1001010110 8
426 0101010110 14
427 1101010110 6
428 0011010110 8
429 1011010110 12
430 0111010110 6
431 1111010110 26
432 0000110110 8
433 1000110110 12
434 0100110110 6
435 1100110110 26
436 0010110110 12
437 1010110110 32
438 0110110110 26
439 1110110110 46
440 0001110110 0
441 1001110110 20
442 0101110110 14
443 1101110110 34
444 0011110110 20
445 1011110110 40
446 0111110110 34
447 1111110110 54
448 0000001110 42
449 1000001110 22
450 0100001110 28
451 1100001110 8
452 0010001110 22
453 1010001110 2
454 0110001110 8
455 1110001110 12
456 0001001110 34
457 1001001110 14
458 0101001110 20
459 1101001110 0
460 0011001110 14
461 1011001110 6
462 0111001110 0
463 1111001110 20
464 0000101110 14
465 1000101110 6
466 0100101110 0
467 1100101110 20
468 0010101110 6
469 1010101110 26
470 0110101110 20
471 1110101110 40
472 0001101110 6
473 1001101110 14
474 0101101110 8
475 1101101110 28
476 0011101110 14
477 1011101110 34
478 0111101110 28
479 1111101110 48
480 0000011110 14
481 1000011110 6
482 0100011110 0
483 1100011110 20
484 0010011110 6
485 1010011110 26
486 0110011110 20
487 1110011110 40
488 0001011110 6
489 1001011110 14
490 0101011110 8
491 1101011110 28
492 0011011110 14
493 1011011110 34
494 0111011110 28
495 1111011110 48
496 0000111110 14
497 1000111110 34
498 0100111110 28
499 1100111110 48
500 0010111110 34
501 1010111110 54
502 0110111110 48
503 1110111110 68
504 0001111110 22
505 1001111110 42
506 0101111110 36
507 1101111110 56
508 0011111110 42
509 1011111110 62
510 0111111110 56
511 1111111110 76
512 0000000001 76
513 1000000001 56
514 0100000001 62
515 1100000001 42
516 0010000001 56
517 1010000001 36
518 0110000001 42
519 1110000001 22
520 0001000001 68
521 1001000001 48
522 0101000001 54
523 1101000001 34
524 0011000001 48
525 1011000001 28
526 0111000001 34
527 1111000001 14
528 0000100001 48
529 1000100001 28
530 0100100001 34
531 1100100001 14
532 0010100001 28
533 1010100001 8
534 0110100001 14
535 1110100001 6
536 0001100001 40
537 1001100001 20
538 0101100001 26
539 1101100001 6
540 0011100001 20
541 1011100001 0
542 0111100001 6
543 1111100001 14
544 0000010001 48
545 1000010001 28
546 0100010001 34
547 1100010001 14
548 0010010001 28
549 1010010001 8
550 0110010001 14
551 1110010001 6
552 0001010001 40
553 1001010001 20
554 0101010001 26
555 1101010001 6
556 0011010001 20
557 1011010001 0
558 0111010001 6
559 1111010001 14
560 0000110001 20
561 1000110001 0
562 0100110001 6
563 1100110001 14
564 0010110001 0
565 1010110001 20
566 0110110001 14
567 1110110001 34
568 0001110001 12
569 1001110001 8
570 0101110001 2
571 1101110001 22
572 0011110001 8
573 1011110001 28
574 0111110001 22
575 1111110001 42
576 0000001001 54
577 1000001001 34
578 0100001001 40
579 1100001001 20
580 0010001001 34
581 1010001001 14
582 0110001001 20
583 1110001001 0
584 0001001001 46
585 1001001001 26
586 0101001001 32
587 1101001001 12
588 0011001001 26
589 1011001001 6
590 0111001001 12
591 1111001001 8
592 0000101001 26
593 1000101001 6
594 0100101001 12
595 1100101001 8
596 0010101001 6
597 1010101001 14
598 0110101001 8
599 1110101001 28
600 0001101001 18
601 1001101001 2
602 0101101001 4
603 1101101001 16
604 0011101001 2
605 1011101001 22
606 0111101001 16
607 1111101001 36
608 0000011001 26
609 1000011001 6
610 0100011001 12
611 1100011001 8
612 0010011001 6
613 1010011001 14
614 0110011001 8
615 1110011001 28
616 0001011001 18
617 1001011001 2
618 0101011001 4
619 1101011001 16
620 0011011001 2
621 1011011001 22
622 0111011001 16
623 1111011001 36
624 0000111001 2
625 1000111001 22
626 0100111001 16
627 1100111001 36
628 0010111001 22
629 1010111001 42
630 0110111001 36
631 1110111001 56
632 0001111001 10
633 1001111001 30
634 0101111001 24
635 1101111001 44
636 0011111001 30
637 1011111001 50
638 0111111001 44
639 1111111001 64
640 0000000101 70
641 1000000101 50
642 0100000101 56
643 1100000101 36
644 0010000101 50
645 1010000101 30
646 0110000101 36
647 1110000101 16
648 0001000101 62
649 1001000101 42
650 0101000101 48
651 1101000101 28
652 0011000101 42
653 1011000101 22
654 0111000101 28
655 1111000101 8
656 0000100101 42
657 1000100101 22
658 0100100101 28
659 1100100101 8
660 0010100101 22
661 1010100101 2
662 0110100101 8
663 1110100101 12
664 0001100101 34
665 1001100101 14
666 0101100101 20
667 1101100101 0
668 0011100101 14
669 1011100101 6
670 0111100101 0
671 1111100101 20
672 0000010101 42
673 1000010101 22
674 0100010101 28
675 1100010101 8
676 0010010101 22
677 1010010101 2
678 0110010101 8
679 1110010101 12
680 0001010101 34
681 1001010101 14
682 0101010101 20
683 1101010101 0
684 0011010101 14
685 1011010101 6
686 0111010101 0
687 1111010101 20
688 0000110101 14
689 1000110101 6
690 0100110101 0
691 1100110101 20
692 0010110101 6
693 1010110101 26
694 0110110101 20
695 1110110101 40
696 0001110101 6
697 1001110101 14
698 0101110101 8
699 1101110101 28
700 0011110101 14
701 1011110101 34
702 0111110101 28
703 1111110101 48
704 0000001101 48
705 1000001101 28
706 0100001101 34
707 1100001101 14
708 0010001101 28
709 1010001101 8
710 0110001101 14
711 1110001101 6
712 0001001101 40
713 1001001101 20
714 0101001101 26
715 1101001101 6
716 0011001101 20
717 1011001101 0
718 0111001101 6
719 1111001101 14
720 0000101101 20
721 1000101101 0
722 0100101101 6
723 1100101101 14
724 0010101101 0
725 1010101101 20
726 0110101101 14
727 1110101101 34
728 0001101101 12
729 1001101101 8
730 0101101101 2
731 1101101101 22
732 0011101101 8
733 1011101101 28
734 0111101101 22
735 1111101101 42
736 0000011101 20
737 1000011101 0
738 0100011101 6
739 1100011101 14
740 0010011101 0
741 1010011101 20
742 0110011101 14
743 1110011101 34
744 0001011101 12
745 1001011101 8
746 0101011101 2
747 1101011101 22
748 0011011101 8
749 1011011101 28
750 0111011101 22
751 1111011101 42
752 0000111101 8
753 1000111101 28
754 0100111101 22
755 1100111101 42
756 0010111101 28
757 1010111101 48
758 0110111101 42
759 1110111101 62
760 0001111101 16
761 1001111101 36
762 0101111101 30
763 1101111101 50
764 0011111101 36
765 1011111101 56
766 0111111101 50
767 1111111101 70
768 0000000011 58
769 1000000011 38
770 0100000011 44
771 1100000011 24
772 0010000011 38
773 1010000011 18
774 0110000011 24
775 1110000011 4
776 0001000011 50
777 1001000011 30
778 0101000011 36
779 1101000011 16
780 0011000011 30
781 1011000011 10
782 0111000011 16
783 1111000011 4
784 0000100011 30
785 1000100011 10
786 0100100011 16
787 1100100011 4
788 0010100011 10
789 1010100011 10
790 0110100011 4
791 1110100011 24
792 0001100011 22
793 1001100011 2
794 0101100011 8
795 1101100011 12
796 0011100011 2
797 1011100011 18
798 0111100011 12
799 1111100011 32
800 0000010011 30
801 1000010011 10
802 0100010011 16
803 1100010011 4
804 0010010011 10
805 1010010011 10
806 0110010011 4
807 1110010011 24
808 0001010011 22
809 1001010011 2
810 0101010011 8
811 1101010011 12
812 0011010011 2
813 1011010011 18
814 0111010011 12
815 1111010011 32
816 0000110011 2
817 1000110011 18
818 0100110011 12
819 1100110011 32
820 0010110011 18
821 1010110011 38
822 0110110011 32
823 1110110011 52
824 0001110011 6
825 1001110011 26
826 0101110011 20
827 1101110011 40
828 0011110011 26
829 1011110011 46
830 0111110011 40
831 1111110011 60
832 0000001011 36
833 1000001011 16
834 0100001011 22
835 1100001011 2
836 0010001011 16
837 1010001011 4
838 0110001011 2
839 1110001011 18
840 0001001011 28
841 1001001011 8
842 0101001011 14
843 1101001011 6
844 0011001011 8
845 1011001011 12
846 0111001011 6
847 1111001011 26
848 0000101011 8
849 1000101011 12
850 0100101011 6
851 1100101011 26
852 0010101011 12
853 1010101011 32
854 0110101011 26
855 1110101011 46
856 0001101011 0
857 1001101011 20
858 0101101011 14
859 1101101011 34
860 0011101011 20
861 1011101011 40
862 0111101011 34
863 1111101011 54
864 0000011011 8
865 1000011011 12
866 0100011011 6
867 1100011011 26
868 0010011011 12
869 1010011011 32
870 0110011011 26
871 1110011011 46
872 0001011011 0
873 1001011011 20
874 0101011011 14
875 1101011011 34
876 0011011011 20
877 1011011011 40
878 0111011011 34
879 1111011011 54
880 0000111011 20
881 1000111011 40
882 0100111011 34
883 1100111011 54
884 0010111011 40
885 1010111011 60
886 0110111011 54
887 1110111011 74
888 0001111011 28
889 1001111011 48
890 0101111011 42
891 1101111011 62
892 0011111011 48
893 1011111011 68
894 0111111011 62
895 1111111011 82
896 0000000111 52
897 1000000111 32
898 0100000111 38
899 1100000111 18
900 0010000111 32
901 1010000111 12
902 0110000111 18
903 1110000111 2
904 0001000111 44
905 1001000111 24
906 0101000111 30
907 1101000111 10
908 0011000111 24
909 1011000111 4
910 0111000111 10
911 1111000111 10
912 0000100111 24
913 1000100111 4
914 0100100111 10
915 1100100111 10
916 0010100111 4
917 1010100111 16
918 0110100111 10
919 1110100111 30
920 0001100111 16
921 1001100111 4
922 0101100111 2
923 1101100111 18
924 0011100111 4
925 1011100111 24
926 0111100111 18
927 1111100111 38
928 0000010111 24
929 1000010111 4
930 0100010111 10
931 1100010111 10
932 0010010111 4
933 1010010111 16
934 0110010111 10
935 1110010111 30
936 0001010111 16
937 1001010111 4
938 0101010111 2
939 1101010111 18
940 0011010111 4
941 1011010111 24
942 0111010111 18
943 1111010111 38
944 0000110111 4
945 1000110111 24
946 0100110111 18
947 1100110111 38
948 0010110111 24
949 1010110111 44
950 0110110111 38
951 1110110111 58
952 0001110111 12
953 1001110111 32
954 0101110111 26
955 1101110111 46
956 0011110111 32
957 1011110111 52
958 0111110111 46
959 1111110111 66
960 0000001111 30
961 1000001111 10
962 0100001111 16
963 1100001111 4
964 0010001111 10
965 1010001111 10
966 0110001111 4
967 1110001111 24
968 0001001111 22
969 1001001111 2
970 0101001111 8
971 1101001111 12
972 0011001111 2
973 1011001111 18
974 0111001111 12
975 1111001111 32
976 0000101111 2
977 1000101111 18
978 0100101111 12
979 1100101111 32
980 0010101111 18
981 1010101111 38
982 0110101111 32
983 1110101111 52
984 0001101111 6
985 1001101111 26
986 0101101111 20
987 1101101111 40
988 0011101111 26
989 1011101111 46
990 0111101111 40
991 1111101111 60
992 0000011111 2
993 1000011111 18
994 0100011111 12
995 1100011111 32
996 0010011111 18
997 1010011111 38
998 0110011111 32
999 1110011111 52
1000 0001011111 6
1001 1001011111 26
1002 0101011111 20
1003 1101011111 40
1004 0011011111 26
1005 1011011111 46
1006 0111011111 40
1007 1111011111 60
1008 0000111111 26
1009 1000111111 46
1010 0100111111 40
1011 1100111111 60
1012 0010111111 46
1013 1010111111 66
1014 0110111111 60
1015 1110111111 80
1016 0001111111 34
1017 1001111111 54
1018 0101111111 48
1019 1101111111 68
1020 0011111111 54
1021 1011111111 74
1022 0111111111 68
1023 1111111111 88
